0 Generic  1 x  2 x 2 offset
0 Name: Gen10202V.dat
0 Author: Robert [Caleb]
0 !LDRAW_ORG Unofficial_Part
0 !LICENSE Redistributable under CCAL version 2.0 : see CAreadme.txt

0 BFC NOCERTIFY

0 !CATEGORY

1 16 0 0 0 1 0 0 0 1 0 0 0 1 GenStud.dat
1 16 0 -7.5 -10 1 0 0 0 1 0 0 0 1 GenStud.dat
3 16 5 -7.5 -15 5 0 -5 5 7.5 -2.5
3 16 5 -7.5 -15 5 -7.5 -5 5 0 -5
3 16 5 -7.5 -15 5 7.5 -5 5 7.5 -2.5
4 16 5 0 -5 5 7.5 -2.5 5 7.5 5 5 0 5
3 16 -5 -7.5 -15 -5 0 -5 -5 7.5 -2.5
3 16 -5 -7.5 -15 -5 -7.5 -5 -5 0 -5
3 16 -5 -7.5 -15 -5 7.5 -5 -5 7.5 -2.5
4 16 -5 0 -5 -5 7.5 -2.5 -5 7.5 5 -5 0 5
4 16 5 0 5 5 0 -5 -5 0 -5 -5 0 5
4 16 5 0 5 -5 0 5 -5 7.5 5 5 7.5 5
4 16 5 -7.5 -15 -5 -7.5 -15 -5 -7.5 -5 5 -7.5 -5
4 16 5 -7.5 -5 5 0 -5 -5 0 -5 -5 -7.5 -5
2 24 5 -7.5 -15 -5 -7.5 -15
2 24 5 -7.5 -15 5 -7.5 -5
2 24 5 -7.5 -5 -5 -7.5 -5
2 24 -5 -7.5 -15 -5 -7.5 -5
2 24 5 -7.5 -15 5 7.5 -5
2 24 -5 -7.5 -15 -5 7.5 -5
2 24 5 -7.5 -5 5 0 -5
2 24 -5 -7.5 -5 -5 0 -5
2 24 5 0 -5 5 0 5
2 24 5 0 5 -5 0 5
2 24 -5 0 -5 -5 0 5
2 24 5 0 -5 -5 0 -5
2 24 5 0 5 5 7.5 5
2 24 -5 0 5 -5 7.5 5
2 24 5 7.5 -5 5 7.5 5
2 24 5 7.5 5 -5 7.5 5
2 24 -5 7.5 -5 -5 7.5 5
2 24 5 7.5 -5 -5 7.5 -5

0 // Inner Box
1 16 0 7.5 0 3 0 0 0 5.5 0 0 0 3 GenBox.dat
1 16 0 2 0 1 0 0 0 1 0 0 0 1 GenDiscO.dat
1 16 0 -7 -10 1 0 0 0 1 0 0 0 1 GenDiscO.dat
0 // Box Bottom
4 16 5 7.5 5 3 7.5 3 -3 7.5 3 -5 7.5 5
4 16 -5 7.5 5 -3 7.5 3 -3 7.5 -3 -5 7.5 -5
4 16 -5 7.5 -5 -3 7.5 -3 3 7.5 -3 5 7.5 -5
4 16 5 7.5 -5 3 7.5 -3 3 7.5 3 5 7.5 5

4 16 3 -7 -14.75 -3 -7 -14.75 -3 -7 -7 3 -7 -7
4 16 3 -7 -7 -3 -7 -7 -3 7.5 -5 3 7.5 -5
4 16 5 -7.5 -15 5 7.5 -5 3 7.5 -5 3 -7.5 -15
4 16 -5 -7.5 -15 -5 7.5 -5 -3 7.5 -5 -3 -7.5 -15
4 16 -3 -7.5 -15 3 -7.5 -15 3 -7 -14.75 -3 -7 -14.75
3 16 -3 -7 -14.75 -3 -7 -7 -3 7.5 -5
3 16 3 -7 -14.75 3 -7 -7 3 7.5 -5
2 24 -3 -7 -14.75 3 -7 -14.75
2 24 -3 -7 -14.75 -3 7.5 -5
2 24 3 -7 -14.75 3 7.5 -5
2 24 3 -7 -7 3 7.5 -5
2 24 -3 -7 -7 -3 7.5 -5
2 24 3 -7 -7 3 -7 -14.75
2 24 -3 -7 -7 -3 -7 -14.75
2 24 -3 -7 -7 3 -7 -7
