0 Nano  2 x  3 T Shape
0 Name: NB203T.dat
0 Author: Robert [Caleb]
0 !LDRAW_ORG Unofficial_Part
0 !LICENSE Redistributable under CCAL version 2.0 : see CAreadme.txt

0 BFC NOCERTIFY

0 !CATEGORY NB

1 16 0 0 5 1 0 0 0 1 0 0 0 1 NBStud.dat
1 16 0 0 -5 1 0 0 0 1 0 0 0 1 NBStud.dat
1 16 10 0 -5 1 0 0 0 1 0 0 0 1 NBStud.dat
1 16 0 0 -15 1 0 0 0 1 0 0 0 1 NBStud.dat

4 16 15 0 -10 15 0 0 5 0 0 5 0 -10
4 16 -5 0 -20 -5 0 10 5 0 10 5 0 -5
3 16 5 0 -20 5 0 -5 -5 0 -20
4 16 -5 0 10 -5 0 -20 -5 7.5 -20 -5 7.5 10
4 16 -5 0 10 5 0 10 5 7.5 10 -5 7.5 10
4 16 -5 0 -20 5 0 -20 5 7.5 -20 -5 7.5 -20
4 16 5 0 10 5 7.5 10 5 7.5 0 5 0 0
4 16 5 0 -10 5 7.5 -10 5 7.5 -20 5 0 -20
4 16 5 0 0 15 0 0 15 7.5 0 5 7.5 0
4 16 15 0 0 15 0 -10 15 7.5 -10 15 7.5 0
4 16 15 0 -10 5 0 -10 5 7.5 -10 15 7.5 -10

2 24 5 0 -10 5 7.5 -10
2 24 5 0 0 5 7.5 0
2 24 15 0 0 15 7.5 0
2 24 15 0 -10 15 7.5 -10
2 24 -5 0 -20 -5 7.5 -20
2 24 5 0 -20 5 7.5 -20
2 24 -5 0 10 -5 7.5 10
2 24 5 0 10 5 7.5 10

2 24 15 0 -10 15 0 0
2 24 15 0 0 5 0 0
2 24 5 0 0 5 0 10
2 24 5 0 10 -5 0 10
2 24 -5 0 10 -5 0 -20
2 24 5 0 -10 15 0 -10
2 24 -5 0 -20 5 0 -20
2 24 -5 7.5 -20 5 7.5 -20
2 24 5 0 -20 5 0 -10
2 24 5 7.5 -20 5 7.5 -10

2 24 15 7.5 -10 15 7.5 0
2 24 15 7.5 0 5 7.5 0
2 24 5 7.5 0 5 7.5 10
2 24 5 7.5 10 -5 7.5 10
2 24 -5 7.5 10 -5 7.5 -20
2 24 5 7.5 -10 15 7.5 -10

0 // Inner Box
1 16 0 7.5 -5 3 0 0 0 5.5 0 0 0 13 NBBox.dat
1 16 0 2 5 1 0 0 0 1 0 0 0 1 NBDiscO.dat
1 16 0 2 -5 1 0 0 0 1 0 0 0 1 NBDiscO.dat
1 16 10 2 -5 1 0 0 0 1 0 0 0 1 NBDiscO.dat
1 16 0 2 -15 1 0 0 0 1 0 0 0 1 NBDiscO.dat
1 16 9 7.5 -5 -4 0 0 0 5.5 0 0 0 -3 NBBox.dat

0 // Box Bottom
4 16 5 7.5 10 3 7.5 8 -3 7.5 8 -5 7.5 10
4 16 5 7.5 -20 3 7.5 -18 -3 7.5 -18 -5 7.5 -20
4 16 -5 7.5 10 -3 7.5 8 -3 7.5 -18 -5 7.5 -20
4 16 5 7.5 -10 5 7.5 -8 13 7.5 -8 15 7.5 -10
4 16 5 7.5 -20 3 7.5 -18 3 7.5 -10 5 7.5 -9
4 16 5 7.5 -9 3 7.5 -10 3 7.5 0 5 7.5 -1
4 16 5 7.5 10 3 7.5 8 3 7.5 0 5 7.5 -1
4 16 15 7.5 -10 13 7.5 -8 13 7.5 -2 15 7.5 0
4 16 15 7.5 0 5 7.5 0 5 7.5 -2 13 7.5 -2
