0 Generic  1 x  2 x 2 Slope Inverted
0 Name: Gen10202TR.dat
0 Author: Robert [Caleb]
0 !LDRAW_ORG Unofficial_Part
0 !LICENSE Redistributable under CCAL version 2.0 : see CAreadme.txt

0 BFC NOCERTIFY

0 // Top
1 16 0 -7.5 5 1 0 0 0 1 0 0 0 1 GenStud.dat
1 16 0 -7.5 -5 1 0 0 0 1 0 0 0 1 GenStud.dat
4 16 5 -7.5 10 5 -7.5 -10 -5 -7.5 -10 -5 -7.5 10
2 24 5 -7.5 10 5 -7.5 -10
2 24 5 -7.5 10 -5 -7.5 10
2 24 5 -7.5 -10 -5 -7.5 -10
2 24 -5 -7.5 10 -5 -7.5 -10
0 // Back
4 16 5 7.5 10 -5 7.5 10 -5 -7.5 10 5 -7.5 10
2 24 5 7.5 10 5 -7.5 10
2 24 -5 7.5 10 -5 -7.5 10
0 // Front
4 16 5 -7.5 -10 5 0 -10 -5 0 -10 -5 -7.5 -10
2 24 5 -7.5 -10 5 0 -10
2 24 -5 -7.5 -10 -5 0 -10
2 24 5 0 -10 -5 0 -10
4 16 5 7.5 0 5 0 -10 3 1.5 -8 3 7.5 0
4 16 -5 7.5 0 -5 0 -10 -3 1.5 -8 -3 7.5 0
4 16 5 0 -10 -5 0 -10 -3 1.5 -8 3 1.5 -8
2 24 5 0 -10 5 7.5 0
2 24 -5 0 -10 -5 7.5 0
2 24 3 1.5 -8 3 7.5 0
2 24 -3 1.5 -8 -3 7.5 0
0 // Sides
3 16 5 7.5 10 5 -7.5 10 5 7.5 0
3 16 -5 7.5 10 -5 -7.5 10 -5 7.5 0
4 16 5 -7.5 10 5 7.5 0 5 0 -10 5 -7.5 -10
4 16 -5 -7.5 10 -5 7.5 0 -5 0 -10 -5 -7.5 -10

0 // Inner Box
1 16 0 -5.5 5 1 0 0 0 1 0 0 0 1 GenDiscO.dat
4 16 3 -5.5 8 3 -5.5 -8 -3 -5.5 -8 -3 -5.5 8
2 24 3 -5.5 8 3 -5.5 -8
2 24 3 -5.5 8 -3 -5.5 8
2 24 3 -5.5 -8 -3 -5.5 -8
2 24 -3 -5.5 8 -3 -5.5 -8
4 16 -3 7.5 8 3 7.5 8 3 -5.5 8 -3 -5.5 8
2 24 -3 7.5 8 -3 -5.5 8
2 24 3 7.5 8 3 -5.5 8
4 16 -3 7.5 2 -3 -5.5 2 -3 -5.5 8 -3 7.5 8
4 16 3 7.5 2 3 -5.5 2 3 -5.5 8 3 7.5 8
4 16 -3 7.5 2 3 7.5 2 3 -5.5 2 -3 -5.5 2
2 24 -3 7.5 2 -3 -5.5 2
2 24 3 7.5 2 3 -5.5 2
2 24 -3 -5.5 2 3 -5.5 2
4 16 -3 7.5 0 3 7.5 0 3 -5.5 0 -3 -5.5 0
2 24 -3 7.5 0 -3 -5.5 0
2 24 3 7.5 0 3 -5.5 0
2 24 -3 -5.5 0 3 -5.5 0
4 16 -3 -5.5 0 -3 -5.5 -8 -3 1.5 -8 -3 7.5 0
4 16 3 -5.5 0 3 -5.5 -8 3 1.5 -8 3 7.5 0
4 16 3 -5.5 -8 3 1.5 -8 -3 1.5 -8 -3 -5.5 -8
2 24 -3 -5.5 -8 -3 1.5 -8
2 24 3 -5.5 -8 3 1.5 -8
2 24 -3 1.5 -8 3 1.5 -8

0 // Box Bottom
4 16 -5 7.5 0 -5 7.5 10 -3 7.5 8 -3 7.5 2
4 16 5 7.5 0 5 7.5 10 3 7.5 8 3 7.5 2
4 16 -5 7.5 0 5 7.5 0 3 7.5 2 -3 7.5 2
4 16 -5 7.5 10 5 7.5 10 3 7.5 8 -3 7.5 8
2 24 -5 7.5 0 -5 7.5 10
2 24 5 7.5 0 5 7.5 10
2 24 -5 7.5 0 5 7.5 0
2 24 5 7.5 10 -5 7.5 10
2 24 -3 7.5 2 -3 7.5 8
2 24 3 7.5 2 3 7.5 8
2 24 -3 7.5 2 3 7.5 2
2 24 3 7.5 8 -3 7.5 8
