0 Generic  2 X  2 Rotational Female
0 Name: Gen202RF.dat
0 Author: Robert [Caleb]
0 !LDRAW_ORG Unofficial_Part
0 !LICENSE Redistributable under CCAL version 2.0 : see CAreadme.txt

0 BFC NOCERTIFY

0 // Box Outer

4 16 10 7.5 10 10 7.5 -10 10 0 -10 10 0 10
4 16 -10 7.5 10 -10 7.5 -10 -10 0 -10 -10 0 10
4 16 10 7.5 10 -10 7.5 10 -10 0 10 10 0 10
4 16 10 7.5 -10 -10 7.5 -10 -10 0 -10 10 0 -10

2 24 10 7.5 10 10 7.5 -10
2 24 10 0 -10 10 0 10
2 24 -10 7.5 10 -10 7.5 -10
2 24 -10 0 -10 -10 0 10
2 24 10 7.5 10 -10 7.5 10
2 24 -10 0 10 10 0 10
2 24 10 7.5 -10 -10 7.5 -10
2 24 -10 0 -10 10 0 -10
2 24 10 7.5 10 10 0 10
2 24 10 7.5 -10 10 0 -10
2 24 -10 7.5 10 -10 0 10
2 24 -10 7.5 -10 -10 0 -10



0 // Box Inner
4 16 8 7.5 8 8 7.5 -8 8 0 -8 8 0 8
4 16 -8 7.5 8 -8 7.5 -8 -8 0 -8 -8 0 8
4 16 8 7.5 8 -8 7.5 8 -8 0 8 8 0 8
4 16 8 7.5 -8 -8 7.5 -8 -8 0 -8 8 0 -8

2 24 8 7.5 8 8 7.5 -8
2 24 8 2 8 8 2 -8
2 24 -8 7.5 8 -8 7.5 -8
2 24 -8 2 8 -8 2 -8
2 24 8 7.5 8 -8 7.5 8
2 24 8 2 8 -8 2 8
2 24 8 7.5 -8 -8 7.5 -8
2 24 8 2 -8 -8 2 -8
2 24 8 7.5 8 8 0 8
2 24 8 7.5 -8 8 0 -8
2 24 -8 7.5 8 -8 0 8
2 24 -8 7.5 -8 -8 0 -8

0 // Box Top
4 16 10 0 10 8 0 8 -8 0 8 -10 0 10
4 16 -10 0 10 -8 0 8 -8 0 -8 -10 0 -10
4 16 -10 0 -10 -8 0 -8 8 0 -8 10 0 -10
4 16 10 0 -10 8 0 -8 8 0 8 10 0 10

0 // Box Bottom
4 16 10 7.5 10 8 7.5 8 -8 7.5 8 -10 7.5 10
4 16 -10 7.5 10 -8 7.5 8 -8 7.5 -8 -10 7.5 -10
4 16 -10 7.5 -10 -8 7.5 -8 8 7.5 -8 10 7.5 -10
4 16 10 7.5 -10 8 7.5 -8 8 7.5 8 10 7.5 10

0 // Middle Hole
1 16 0 2 0 3 0 0 0 1 0 0 0 3 GendiscO.dat
1 16 0 2 0 3 0 0 0 2 0 0 0 3 GenCyl.dat
1 16 0 4 0 3 0 0 0 1 0 0 0 3 GendiscO.dat

1 16 0 2 0 5 0 0 0 1 0 0 0 5 GendiscO.dat
1 16 0 2 0 5 0 0 0 2 0 0 0 5 GenCyl.dat
1 16 0 4 0 5 0 0 0 1 0 0 0 5 GendiscO.dat

1 16 0 2 0 5 0 0 0 1 0 0 0 5 GendiscR.dat
1 16 0 4 0 5 0 0 0 1 0 0 0 5 GendiscR.dat

0 // centre structure
0 // 1
2 24 4.6 2 2 8 2 2
2 24 4.6 2 -2 8 2 -2
2 24 4.6 6 2 8 6 2
2 24 4.6 6 -2 8 6 -2
4 16 4.6 2 2 8 2 2 4.6 2 -2 8 2 -2
4 16 4.6 6 2 8 6 2 4.6 6 -2 8 6 -2
4 16 4.6 2 2 8 2 2 4.6 6 2 8 6 2
4 16 4.6 2 -2 8 2 -2 4.6 6 -2 8 6 -2
4 16 4.6 6 2 4.6 6 -2 4.6 4 -2 4.6 4 2
2 24 4.6 6 2 4.6 4 2
2 24 4.6 6 -2 4.6 4 -2

0 // 2
2 24 -4.6 2 -2 -8 2 -2
2 24 -4.6 2 2 -8 2 2
2 24 -4.6 6 -2 -8 6 -2
2 24 -4.6 6 2 -8 6 2
4 16 -4.6 2 -2 -8 2 -2 -4.6 2 2 -8 2 2
4 16 -4.6 6 -2 -8 6 -2 -4.6 6 2 -8 6 2
4 16 -4.6 2 -2 -8 2 -2 -4.6 6 -2 -8 6 -2
4 16 -4.6 2 2 -8 2 2 -4.6 6 2 -8 6 2
4 16 -4.6 6 -2 -4.6 6 2 -4.6 4 2 -4.6 4 -2
2 24 -4.6 6 -2 -4.6 4 -2
2 24 -4.6 6 2 -4.6 4 2

0 // 3
2 24 2 2 4.6 2 2 8
2 24 -2 2 4.6 -2 2 8
2 24 2 6 4.6 2 6 8
2 24 -2 6 4.6 -2 6 8
4 16 2 2 4.6 2 2 8 -2 2 4.6 -2 2 8
4 16 2 6 4.6 2 6 8 -2 6 4.6 -2 6 8
4 16 2 2 4.6 2 2 8 2 6 4.6 2 6 8
4 16 -2 2 4.6 -2 2 8 -2 6 4.6 -2 6 8
4 16 2 6 4.6 -2 6 4.6 -2 4 4.6 2 4 4.6
2 24 2 6 4.6 2 4 4.6
2 24 -2 6 4.6 -2 4 4.6

0 // 4
2 24 -2 2 -4.6 -2 2 -8
2 24 2 2 -4.6 2 2 -8
2 24 -2 6 -4.6 -2 6 -8
2 24 2 6 -4.6 2 6 -8
4 16 -2 2 -4.6 -2 2 -8 2 2 -4.6 2 2 -8
4 16 -2 6 -4.6 -2 6 -8 2 6 -4.6 2 6 -8
4 16 -2 2 -4.6 -2 2 -8 -2 6 -4.6 -2 6 -8
4 16 2 2 -4.6 2 2 -8 2 6 -4.6 2 6 -8
4 16 -2 6 -4.6 2 6 -4.6 2 4 -4.6 -2 4 -4.6
2 24 -2 6 -4.6 -2 4 -4.6
2 24 2 6 -4.6 2 4 -4.6

0 // Rounded Top
2 24 0 0 -8 3 0 -7.5
2 24 3 0 -7.5 5.6 0 -5.8
2 24 5.6 0 -5.8 7.4 0 -3.2
2 24 7.4 0 -3.2 8 0 0
3 16 0 0 -8 3 0 -7.5 8 0 -8
3 16 3 0 -7.5 5.6 0 -5.8 8 0 -8
3 16 5.6 0 -5.8 7.4 0 -3.2 8 0 -8
3 16 7.4 0 -3.2 8 0 0 8 0 -8

2 24 8 0 0 7.4 0 3.2
2 24 7.4 0 3.2 5.6 0 5.8
2 24 5.6 0 5.8 3 0 7.5
2 24 3 0 7.5 0 0 8
3 16 8 0 0 7.4 0 3.2 8 0 8
3 16 7.4 0 3.2 5.6 0 5.8 8 0 8
3 16 5.6 0 5.8 3 0 7.5 8 0 8
3 16 3 0 7.5 0 0 8 8 0 8

2 24 -8 0 0 -7.4 0 -3.2
2 24 -7.4 0 -3.2 -5.8 0 -5.6
2 24 -5.8 0 -5.6 -3 0 -7.5
2 24 -3 0 -7.5 0 0 -8
3 16 -8 0 0 -7.4 0 -3.2 -8 0 -8
3 16 -7.4 0 -3.2 -5.8 0 -5.6 -8 0 -8
3 16 -5.8 0 -5.6 -3 0 -7.5 -8 0 -8
3 16 -3 0 -7.5 0 0 -8 -8 0 -8


2 24 0 0 8 -3 0 7.5
2 24 -3 0 7.5 -5.6 0 5.8
2 24 -5.6 0 5.8 -7.4 0 3.2
2 24 -7.4 0 3.2 -8 0 0
3 16 0 0 8 -3 0 7.5 -8 0 8
3 16 -3 0 7.5 -5.6 0 5.8 -8 0 8
3 16 -5.6 0 5.8 -7.4 0 3.2 -8 0 8
3 16 -7.4 0 3.2 -8 0 0 -8 0 8

0 // Centre Cylinder
1 16 0 0 0 -8 0 0 0 2 0 0 0 -8 Gencyl.dat
1 16 0 2 0 -8 0 0 0 1 0 0 0 -8 GenDiscO.dat

3 16 0 2 -8 3 2 -7.5 8 2 -8
3 16 3 2 -7.5 5.6 2 -5.8 8 2 -8
3 16 5.6 2 -5.8 7.4 2 -3.2 8 2 -8
3 16 7.4 2 -3.2 8 2 0 8 2 -8
3 16 8 2 0 7.4 2 3.2 8 2 8
3 16 7.4 2 3.2 5.6 2 5.8 8 2 8
3 16 5.6 2 5.8 3 2 7.5 8 2 8
3 16 3 2 7.5 0 2 8 8 2 8
3 16 -8 2 0 -7.4 2 -3.2 -8 2 -8
3 16 -7.4 2 -3.2 -5.8 2 -5.6 -8 2 -8
3 16 -5.8 2 -5.6 -3 2 -7.5 -8 2 -8
3 16 -3 2 -7.5 0 2 -8 -8 2 -8
3 16 0 2 8 -3 2 7.5 -8 2 8
3 16 -3 2 7.5 -5.6 2 5.8 -8 2 8
3 16 -5.6 2 5.8 -7.4 2 3.2 -8 2 8
3 16 -7.4 2 3.2 -8 2 0 -8 2 8
