0 Nano Quarter Round Hub
0 Name: NB202C.dat
0 Author: Robert [Caleb]
0 !LDRAW_ORG Unofficial_Part
0 !LICENSE Redistributable under CCAL version 2.0 : see CAreadme.txt

0 BFC NOCERTIFY

0 !CATEGORY NB

1 16 5 0 5 1 0 0 0 1 0 0 0 1 NBStud.dat
1 16 5 0 -5 1 0 0 0 1 0 0 0 1 NBStud.dat
1 16 -5 0 -5 1 0 0 0 1 0 0 0 1 NBStud.dat

0 // top outline
2 24 -10 0 -10 -9.5 0 -6.2
2 24 -9.5 0 -6.2 -8.6 0 -2.4
2 24 -8.6 0 -2.4 -6.8 0 1.1
2 24 -6.8 0 1.1 -4.4 0 4.2
2 24 -4.4 0 4.2 -0.4 0 7.5
2 24 -0.4 0 7.5 2.1 0 8.6
2 24 2.1 0 8.6 5.8 0 9.5
2 24 5.8 0 9.5 10 0 10

0 // top fill
4 16 10 0 -10 -10 0 -10 -9.5 0 -6.2 -8.6 0 -2.4
4 16 10 0 -10 -8.6 0 -2.4 -6.8 0 1.1 -4.4 0 4.2
4 16 10 0 -10 -4.4 0 4.2 -0.4 0 7.5 2.1 0 8.6
4 16 10 0 -10 2.1 0 8.6 5.8 0 9.5 10 0 10

0 // inner box tox fill
4 16 8 2 -8 -9.75 2 -8 -9.5 2 -6.2 -8.6 2 -2.4
4 16 8 2 -8 -8.6 2 -2.4 -6.8 2 1.1 -4.4 2 4.2
4 16 8 2 -8 -4.4 2 4.2 -0.4 2 7.5 2.1 2 8.6
4 16 8 2 -8 2.1 2 8.6 5.8 2 9.5 8 2 9.75

0 // inner box top outline
2 24 -9.75 2 -8 -9.5 2 -6.2
2 24 -9.5 2 -6.2 -8.6 2 -2.4
2 24 -8.6 2 -2.4 -8.2 2 -1.75
2 24 -6.2 2 1.75 -4.4 2 4.2
2 24 -4.4 2 4.2 -1.75 2 6.3
2 24 1.75 2 8.4 2.1 2 8.6
2 24 2.1 2 8.6 5.8 2 9.5
2 24 5.8 2 9.5 8 2 9.75

2 24 1.75 7.5 8.4 -0.4 7.5 7.5
2 24 -0.4 7.5 7.5 -1.75 7.5 6.3

2 24 -6.2 7.5 1.75 -6.8 7.5 1.1
2 24 -6.8 7.5 1.1 -8.2 7.5 -1.75

0 // curved edge facing
4 16 10 7.5 10 8 7.5 9.75 8 2 9.75 10 0 10
4 16 10 0 10 8 2 9.75 5.8 2 9.5 5.8 0 9.5
4 16 5.8 2 9.5 5.8 0 9.5 2.1 0 8.6 2.1 2 8.6
4 16 2.1 0 8.6 2.1 2 8.6 1.75 2 8.4 1.75 0 8.4
4 16 1.75 0 8.4 -0.4 0 7.5 -0.4 7.5 7.5 1.75 7.5 8.4
4 16 -0.4 0 7.5 -1.75 0 6.3 -1.75 7.5 6.3 -0.4 7.5 7.5
4 16 -1.75 2 6.3 -1.75 0 6.3 -4.4 0 4.2 -4.4 2 4.2
4 16 -6.2 0 1.75 -4.4 0 4.2 -4.4 2 4.2 -6.2 2 1.75
4 16 -6.2 0 1.75 -6.8 0 1.1 -6.8 7.5 1.1 -6.2 7.5 1.75
4 16 -6.8 0 1.1 -8.2 0 -1.75 -8.2 7.5 -1.75 -6.8 7.5 1.1
4 16 -8.2 0 -1.75 -8.6 0 -2.4 -8.6 2 -2.4 -8.2 2 -1.75
4 16 -8.6 0 -2.4 -9.5 0 -6.2 -9.5 2 -6.2 -8.6 2 -2.4
4 16 -9.5 0 -6.2 -9.5 2 -6.2 -9.75 2 -8 -9.75 0 -8
4 16 -9.75 0 -8 -9.75 7.5 -8 -10 7.5 -10 -10 0 -10

0 // Inner Box
1 16 5 2 5 1 0 0 0 1 0 0 0 1 NBDiscO.dat
1 16 5 2 -5 1 0 0 0 1 0 0 0 1 NBDiscO.dat
1 16 -5 2 -5 1 0 0 0 1 0 0 0 1 NBDiscO.dat

4 16 -9.75 2 -8 -9.75 7.5 -8 8 7.5 -8 8 2 -8
4 16 8 2 -8 8 7.5 -8 8 7.5 9.75 8 2 9.75
2 24 -9.75 2 -8 -9.75 7.5 -8
2 24 8 2 -8 8 7.5 -8
2 24 8 2 9.75 8 7.5 9.75
2 24 8 2 -8 -9.75 2 -8
2 24 8 2 -8 8 2 9.75

0 // inner structure
2 24 -1.75 2 -8 -1.75 2 -1.75
2 24 -1.75 7.5 -8 -1.75 7.5 -1.75
4 16 -1.75 2 -8 -1.75 2 -1.75 -1.75 7.5 -1.75 -1.75 7.5 -8
2 24 -1.75 2 -1.75 -1.75 7.5 -1.75
2 24 -1.75 2 -8 -1.75 7.5 -8
2 24 1.75 2 -8 1.75 2 -1.75
2 24 1.75 7.5 -8 1.75 7.5 -1.75
4 16 1.75 2 -8 1.75 2 -1.75 1.75 7.5 -1.75 1.75 7.5 -8
2 24 1.75 2 -1.75 1.75 7.5 -1.75
2 24 1.75 2 -8 1.75 7.5 -8

2 24 8 2 -1.75 8 7.5 -1.75
2 24 8 2 1.75 8 7.5 1.75
2 24 8 2 1.75 1.75 2 1.75
2 24 8 2 -1.75 1.75 2 -1.75
2 24 8 7.5 1.75 1.75 7.5 1.75
2 24 8 7.5 -1.75 1.75 7.5 -1.75
4 16 8 2 -1.75 8 7.5 -1.75 1.75 7.5 -1.75 1.75 2 -1.75
4 16 8 2 1.75 8 7.5 1.75 1.75 7.5 1.75 1.75 2 1.75

2 24 1.75 2 1.75 1.75 7.5 1.75
2 24 1.75 2 1.75 1.75 2 8.4
2 24 1.75 7.5 1.75 1.75 7.5 8.4
2 24 1.75 2 8.4 1.75 7.5 8.4
4 16 1.75 2 1.75 1.75 7.5 1.75 1.75 7.5 8.4 1.75 2 8.4

2 24 -1.75 2 -1.75 -8.2 2 -1.75
2 24 -1.75 7.5 -1.75 -8.2 7.5 -1.75
2 24 -8.2 2 -1.75 -8.2 7.5 -1.75
4 16 -1.75 2 -1.75 -1.75 7.5 -1.75 -8.2 7.5 -1.75 -8.2 2 -1.75

2 24 -1.75 2 1.75 -1.75 2 6.3
2 24 -1.75 7.5 1.75 -1.75 7.5 6.3
2 24 -1.75 2 1.75 -1.75 7.5 1.75
2 24 -1.75 2 6.3 -1.75 7.5 6.3
4 16 -1.75 2 1.75 -1.75 2 6.3 -1.75 7.5 6.3 -1.75 7.5 1.75

2 24 -1.75 2 1.75 -6.2 2 1.75
2 24 -1.75 7.5 1.75 -6.2 7.5 1.75
2 24 -6.2 2 1.75 -6.2 7.5 1.75
4 16 -1.75 2 1.75 -1.75 7.5 1.75 -6.2 7.5 1.75 -6.2 2 1.75

0 // Box Sides
4 16 -10 0 -10 -10 7.5 -10 10 7.5 -10 10 0 -10
4 16 10 0 -10 10 7.5 -10 10 7.5 10 10 0 10
2 24 10 0 10 10 0 -10
2 24 10 0 10 10 7.5 10
2 24 10 0 -10 10 7.5 -10
2 24 10 0 -10 -10 0 -10
2 24 -10 0 -10 -10 7.5 -10

0 // Box Bottom
4 16 -10 7.5 -10 -9.75 7.5 -8 8 7.5 -8 10 7.5 -10
4 16 10 7.5 -10 8 7.5 -8 8 7.5 9.75 10 7.5 10
2 24 10 7.5 10 10 7.5 -10
2 24 10 7.5 -10 -10 7.5 -10

2 24 8 7.5 -8 8 7.5 -1.75
2 24 8 7.5 1.75 8 7.5 9.75
2 24 8 7.5 -8 1.75 7.5 -8
2 24 -1.75 7.5 -8 -9.75 7.5 -8

2 24 -9.75 7.5 -8 -10 7.5 -10
2 24 8 7.5 9.75 10 7.5 10

4 16 0 7.5 0 1.75 7.5 1.75 8 7.5 1.75 1.75 7.5 -1.75
3 16 1.75 7.5 -1.75 8 7.5 -1.75 8 7.5 1.75
4 16 0 7.5 0 -1.75 7.5 1.75 -6.2 7.5 1.75 -1.75 7.5 -1.75
4 16 -6.8 7.5 1.1 -8.3 7.5 -1.75 -1.75 7.5 -1.75 -6.2 7.5 1.75

4 16 -1.75 7.5 -8 -1.75 7.5 -1.75 0 7.5 0 1.75 7.5 -1.75
3 16 -1.75 7.5 -8 1.75 7.5 -8 1.75 7.5 -1.75

4 16 -1.75 7.5 1.75 0 7.5 0 1.75 7.5 1.75 1.75 7.5 8.4
4 16 -1.75 7.5 1.75 1.75 7.5 8.4 -0.4 7.5 7.5 -1.75 7.5 6.3
