0 Nano Axle with Gap Part
0 Name: NBAxle.dat
0 Author: Robert [Caleb]
0 !LDRAW_ORG Unofficial_Primitive
0 !LICENSE Redistributable under CCAL version 2.0 : see CAreadme.txt

0 BFC NOCERTIFY

0 // 16 0 -1 0 0.375 -0.9375 0 0.375 -0.9375 1 0 -1 1

4 16 0.375 -0.9375 0 0.7 -0.725 0 0.7 -0.725 1 0.375 -0.9375 1
4 16 0.7 -0.725 0 0.925 -0.4 0 0.925 -0.4 1 0.7 -0.725 1
4 16 0.925 -0.4 0 1 0 0 1 0 1 0.925 -0.4 1
4 16 1 0 0 0.925 0.4 0 0.925 0.4 1 1 0 1
4 16 0.925 0.4 0 0.7 0.725 0 0.7 0.725 1 0.925 0.4 1
4 16 0.7 0.725 0 0.375 0.9375 0 0.375 0.9375 1 0.7 0.725 1
0 // 16 0.375 0.9375 0 0 1 0 0 1 1 0.375 0.9375 1

2 24 0.375 -0.9375 0 0.7 -0.725 0
2 24 0.7 -0.725 0 0.925 -0.4 0
2 24 0.925 -0.4 0 1 0 0
2 24 1 0 0 0.925 0.4 0
2 24 0.925 0.4 0 0.7 0.725 0
2 24 0.7 0.725 0 0.375 0.9375 0

2 24 0.375 -0.9375 0 0.375 -0.9375 1
2 24 0.375 0.9375 0 0.375 0.9375 1

4 16 0.375 0 0 0.375 -0.9375 0 0.7 -0.725 0 0.925 -0.4 0
4 16 0.375 0 0 0.925 -0.4 0 1 0 0 0.925 0.4 0
4 16 0.375 0 0 0.925 0.4 0 0.7 0.725 0 0.375 0.9375 0


0 // right inner casing
2 24 0.375 -0.9375 0 0.375 0.9375 0
2 24 0.375 -0.9375 1 0.375 0.9375 1
4 16 0.375 -0.9375 0 0.375 0.9375 0 0.375 0.9375 1 0.375 -0.9375 1



0 // left
4 16 -1 0 0 -0.925 -0.4 0 -0.925 -0.4 1 -1 0 1
4 16 -0.925 -0.4 0 -0.725 -0.7 0 -0.725 -0.7 1 -0.925 -0.4 1
4 16 -0.725 -0.7 0 -0.375 -0.9375 0 -0.375 -0.9375 1 -0.725 -0.7 1
0 // 16 -0.375 -0.9375 0 0 -1 0 0 -1 1 -0.375 -0.9375 1
0 // 16 0 1 0 -0.375 0.9375 0 -0.375 0.9375 1 0 1 1
4 16 -0.375 0.9375 0 -0.7 0.725 0 -0.7 0.725 1 -0.375 0.9375 1
4 16 -0.7 0.725 0 -0.925 0.4 0 -0.925 0.4 1 -0.7 0.725 1
4 16 -0.925 0.4 0 -1 0 0 -1 0 1 -0.925 0.4 1

2 24 -1 0 0 -0.925 -0.4 0
2 24 -0.925 -0.4 0 -0.725 -0.7 0
2 24 -0.725 -0.7 0 -0.375 -0.9375 0
2 24 -0.375 0.9375 0 -0.7 0.725 0
2 24 -0.7 0.725 0 -0.925 0.4 0
2 24 -0.925 0.4 0 -1 0 0

2 24 -0.375 -0.9375 0 -0.375 -0.9375 1
2 24 -0.375 0.9375 0 -0.375 0.9375 1

4 16 -0.375 0 0 -1 0 0 -0.925 -0.4 0 -0.725 -0.7 0
3 16 -0.725 -0.7 0 -0.375 -0.9375 0 -0.375 0 0
4 16 -0.375 0 0 -0.375 0.9375 0 -0.7 0.725 0 -0.925 0.4 0
3 16 -1 0 0 -0.375 0 0 -0.925 0.4 0


0 // left inner casing
2 24 -0.375 -0.9375 0 -0.375 0.9375 0
2 24 -0.375 -0.9375 1 -0.375 0.9375 1
4 16 -0.375 -0.9375 0 -0.375 0.9375 0 -0.375 0.9375 1 -0.375 -0.9375 1
