0 Nano Disc 28 Quarter Ring 2.12 to 2.9 Part
0 Name: NBDs28RZ.dat
0 Author: Robert [Caleb]
0 !LDRAW_ORG Unofficial_Primitive
0 !LICENSE Redistributable under CCAL version 2.0 : see CAreadme.txt

0 BFC NOCERTIFY

4 16 2.12 0 0 2.9 0 0 2.842 0 0.5075 2.0776 0 0.371
4 16 2.0776 0 0.371 2.842 0 0.5075 2.697 0 1.102 1.9716 0 0.8056
4 16 1.9716 0 0.8056 2.697 0 1.102 2.32 0 1.74 1.696 0 1.272
4 16 1.696 0 1.272 2.32 0 1.74 1.769 0 2.291 1.2932 0 1.6748
4 16 1.2932 0 1.6748 1.769 0 2.291 1.102 0 2.6825 0.8056 0 1.961
4 16 0.8056 0 1.961 1.102 0 2.6825 0.5075 0 2.842 0.371 0 2.0776
4 16 0.371 0 2.0776 0.5075 0 2.842 0 0 2.9 0 0 2.12
0 // 1 16 0 0 0 1.22 0 0 0 1 0 0 0 1.22 NBDs28OQ.dat
0 // 1 16 0 0 0 1.7 0 0 0 1 0 0 0 1.7 NBDs28OQ.dat
