0 Nano Disc 28 Quarter Ring 1.22 to 2.12 Part
0 Name: NBDs28R9.dat
0 Author: Robert [Caleb]
0 !LDRAW_ORG Unofficial_Primitive
0 !LICENSE Redistributable under CCAL version 2.0 : see CAreadme.txt

0 BFC NOCERTIFY

4 16 1.22 0 0 2.12 0 0 2.0776 0 0.371 1.1956 0 0.2135
4 16 1.1956 0 0.2135 2.0776 0 0.371 1.9716 0 0.8056 1.1346 0 0.4636
4 16 1.1346 0 0.4636 1.9716 0 0.8056 1.696 0 1.272 0.976 0 0.732
4 16 0.976 0 0.732 1.696 0 1.272 1.2932 0 1.6748 0.7442 0 0.9638
4 16 0.7442 0 0.9638 1.2932 0 1.6748 0.8056 0 1.961 0.4636 0 1.1285
4 16 0.4636 0 1.1285 0.8056 0 1.961 0.371 0 2.0776 0.2135 0 1.1956
4 16 0.2135 0 1.1956 0.371 0 2.0776 0 0 2.12 0 0 1.22
0 // 1 16 0 0 0 1.22 0 0 0 1 0 0 0 1.22 NBDs28OQ.dat
0 // 1 16 0 0 0 1.7 0 0 0 1 0 0 0 1.7 NBDs28OQ.dat
