0 Nano Disc 28 Quarter Ring 1.05 to 2.02 Part
0 Name: NBDs28RY.dat
0 Author: Robert [Caleb]
0 !LDRAW_ORG Unofficial_Primitive
0 !LICENSE Redistributable under CCAL version 2.0 : see CAreadme.txt

0 BFC NOCERTIFY

4 16 1.05 0 0 2.02 0 0 1.9796 0 0.3535 1.029 0 0.18375
4 16 1.029 0 0.18375 1.9796 0 0.3535 1.8786 0 0.7676 0.9765 0 0.399
4 16 0.9765 0 0.399 1.8786 0 0.7676 1.616 0 1.212 0.84 0 0.63
4 16 0.84 0 0.63 1.616 0 1.212 1.2322 0 1.5958 0.6405 0 0.8295
4 16 0.6405 0 0.8295 1.2322 0 1.5958 0.7676 0 1.8685 0.399 0 0.97125
4 16 0.399 0 0.97125 0.7676 0 1.8685 0.3535 0 1.9796 0.18375 0 1.029
4 16 0.18375 0 1.029 0.3535 0 1.9796 0 0 2.02 0 0 1.05
0 // 1 16 0 0 0 1.22 0 0 0 1 0 0 0 1.22 NBDs28OQ.dat
0 // 1 16 0 0 0 1.7 0 0 0 1 0 0 0 1.7 NBDs28OQ.dat
