0 Nano Disc 28 Quarter Ring 2.02 to 3 Part
0 Name: NBDs28R8.dat
0 Author: Robert [Caleb]
0 !LDRAW_ORG Unofficial_Primitive
0 !LICENSE Redistributable under CCAL version 2.0 : see CAreadme.txt

0 BFC NOCERTIFY

4 16 2.02 0 0 3 0 0 2.94 0 0.525 1.9796 0 0.3535
4 16 1.9796 0 0.3535 2.94 0 0.525 2.79 0 1.14 1.8786 0 0.7676
4 16 1.8786 0 0.7676 2.79 0 1.14 2.4 0 1.8 1.616 0 1.212
4 16 1.616 0 1.212 2.4 0 1.8 1.83 0 2.37 1.2322 0 1.5958
4 16 1.2322 0 1.5958 1.83 0 2.37 1.14 0 2.775 0.7676 0 1.8685
4 16 0.7676 0 1.8685 1.14 0 2.775 0.525 0 2.94 0.3535 0 1.9796
4 16 0.3535 0 1.9796 0.525 0 2.94 0 0 3 0 0 2.02
0 // 1 16 0 0 0 1.22 0 0 0 1 0 0 0 1.22 NBDs28OQ.dat
0 // 1 16 0 0 0 1.7 0 0 0 1 0 0 0 1.7 NBDs28OQ.dat
