0 Generic  1 X  1 X  2 Round Offset
0 Name: Gen10102R.dat
0 Author: Robert [Caleb]
0 !LDRAW_ORG Unofficial_Part
0 !LICENSE Redistributable under CCAL version 2.0 : see CAreadme.txt

0 BFC NOCERTIFY

1 16 0 0 -2.5 1 0 0 0 1 0 0 0 1 GenStud.dat
1 16 0 0 -2.5 -5 0 0 0 7.5 0 0 0 -5 GenDiscO.dat
1 16 0 15 0 -5 0 0 0 15 0 0 0 -5 GenDiscO.dat

1 16 0 15 0 -5 0 0 0 15 0 0 0 -5 GenDiscR.dat
1 16 0 0 -2.5 -5 0 0 0 7.5 0 0 0 -5 GenDisc.dat

1 16 0 15 0 1 0 0 0 2 0 0 0 1 GenStud.dat

0 // 24 0 0 -7.5 0 15 -5
3 16 0 0 -7.5 0 15 -5 1.85 0 -7.2
3 16 0 15 -5 1.85 15 -4.6 1.85 0 -7.2
5 24 0 15 -5 1.85 0 -7.2 0 0 -7.5 1.85 15 -4.6
0 // 24 -1.85 0 -7.2 -1.85 15 -4.7
4 16 0 0 -7.5 0 15 -5 -1.85 15 -4.7 -1.85 0 -7.2
0 // 24 -3.65 0 -6 -3.65 15 -3.5
4 16 -1.85 0 -7.2 -1.85 15 -4.7 -3.65 15 -3.5 -3.65 0 -6
0 // 24 -4.6 0 -4.5 -4.6 15 -2
4 16 -3.65 0 -6 -3.65 15 -3.5 -4.6 15 -2 -4.6 0 -4.5

3 16 -1.85 0 2.2 -1.85 15 4.6 0 0 2.5
3 16 -1.85 15 4.6 0 15 5 0 0 2.5
5 24 -1.85 15 4.6 0 0 2.5 -1.85 0 2.2 0 15 5
0 // 24 0 0 2.5 0 15 5
4 16 0 0 2.5 0 15 5 1.85 15 4.7 1.85 0 2.2
0 // 24 1.85 0 2.2 1.85 15 4.7
4 16 1.85 0 2.2 1.85 15 4.7 3.65 15 3.5 3.65 0 1
0 // 24 3.65 0 1 3.65 15 3.5
4 16 3.65 0 1 3.65 15 3.5 4.6 15 2 4.6 0 -0.5
0 // 24 4.6 0 -0.5 4.6 15 2

0 // 24 5 0 -2.5 5 15 0
4 16 5 0 -2.5 5 15 0 4.6 15 2 4.6 0 -0.5
0 // 24 4.6 0 -4.5 4.6 15 -2
4 16 4.6 0 -4.5 4.6 15 -2 3.5 15 -3.6 3.5 0 -6.1
0 // 24 3.5 0 -6.1 3.5 15 -3.6
3 16 1.85 0 -7.2 1.85 15 -4.6 3.5 0 -6.1
3 16 1.85 15 -4.6 3.5 15 -3.6 3.5 0 -6.1
5 24 1.85 15 -4.6 3.5 0 -6.1 1.85 0 -7.2 3.5 15 -3.6
0 // 24 1.85 0 -7.2 1.85 15 -4.6
4 16 5 0 -2.5 5 15 0 4.6 15 -2 4.6 0 -4.5

4 16 -4.6 0 -4.5 -4.6 15 -2 -5 15 0 -5 0 -2.5
0 // 24 -5 0 -2.5 -5 15 0
4 16 -5 0 -2.5 -5 15 0 -4.6 15 2 -4.6 0 -0.5
0 // 24 -4.6 0 -0.5 -4.6 15 2
4 16 -4.6 0 -0.5 -4.6 15 2 -3.5 15 3.6 -3.4 0 1.2
0 // 24 -3.4 0 1.2 -3.5 15 3.6
3 16 -3.4 0 1.2 -3.5 15 3.6 -1.85 0 2.2
3 16 -3.5 15 3.6 -1.85 15 4.6 -1.85 0 2.2
5 24 -3.5 15 3.6 -1.85 0 2.2 -3.4 0 1.2 -1.85 15 4.6
0 // 24 -1.85 0 2.2 -1.85 15 4.6
