0 Generic  1 x  2 x  2 slope
0 Name: Gen10202S.dat
0 Author: Robert [Caleb]
0 !LDRAW_ORG Unofficial_Part
0 !LICENSE Redistributable under CCAL version 2.0 : see CAreadme.txt

0 BFC NOCERTIFY

0 // Top

1 16 0 -7.5 0 1 0 0 0 1 0 0 0 1 GenStud.dat
4 16 5 -7.5 5 5 -7.5 -5 -5 -7.5 -5 -5 -7.5 5
2 24 5 -7.5 5 5 -7.5 -5
2 24 -5 -7.5 -5 -5 -7.5 5
2 24 5 -7.5 5 -5 -7.5 5
2 24 -5 -7.5 -5 5 -7.5 -5

0 // slope
2 24 -5 0 -15 5 0 -15
2 24 -5 0 -15 -5 -7.5 -5
2 24 5 0 -15 5 -7.5 -5
4 16 -5 0 -15 5 0 -15 5 -7.5 -5 -5 -7.5 -5

2 24 -5 0 -15 -5 7.5 -15
2 24 5 0 -15 5 7.5 -15
2 24 5 7.5 -15 -5 7.5 -15
4 16 -5 0 -15 5 0 -15 5 7.5 -15 -5 7.5 -15

0 // back
4 16 5 -7.5 5 -5 -7.5 5 -5 7.5 5 5 7.5 5
2 24 5 -7.5 5 5 7.5 5
2 24 -5 -7.5 5 -5 7.5 5

0 // Inner Box
1 16 0 -5.5 0 1 0 0 0 1 0 0 0 1 GenDiscO.dat

2 24 3 7.5 3 3 -5.5 3
2 24 -3 7.5 3 -3 -5.5 3
2 24 3 -5.5 3 -3 -5.5 3
4 16 3 7.5 3 -3 7.5 3 -3 -5.5 3 3 -5.5 3

2 24 3 -5.5 3 3 -5.5 -3
2 24 -3 -5.5 3 -3 -5.5 -3
2 24 -3 -5.5 -3 3 -5.5 -3
4 16 3 -5.5 3 -3 -5.5 3 -3 -5.5 -3 3 -5.5 -3

2 24 3 7.5 -13 3 2 -13
2 24 -3 7.5 -13 -3 2 -13
2 24 3 2 -13 -3 2 -13
4 16 3 7.5 -13 -3 7.5 -13 -3 2 -13 3 2 -13

2 24 3 2 -13 3 -5.5 -3
2 24 -3 2 -13 -3 -5.5 -3
4 16 3 2 -13 3 -5.5 -3 -3 -5.5 -3 -3 2 -13

0 // internal sides

3 16 -3 7.5 3 -3 7.5 -13 -3 -5.5 3
4 16 -3 7.5 -13 -3 2 -13 -3 -5.5 -3 -3 -5.5 3

3 16 3 7.5 3 3 7.5 -13 3 -5.5 3
4 16 3 7.5 -13 3 2 -13 3 -5.5 -3 3 -5.5 3


0 // external sides
3 16 -5 7.5 5 -5 7.5 -15 -5 -7.5 5
4 16 -5 7.5 -15 -5 0 -15 -5 -7.5 -5 -5 -7.5 5

3 16 5 7.5 5 5 7.5 -15 5 -7.5 5
4 16 5 7.5 -15 5 0 -15 5 -7.5 -5 5 -7.5 5


0 // Box Bottom
4 16 5 7.5 5 3 7.5 3 -3 7.5 3 -5 7.5 5
4 16 -5 7.5 5 -3 7.5 3 -3 7.5 -13 -5 7.5 -15
4 16 -5 7.5 -15 -3 7.5 -13 3 7.5 -13 5 7.5 -15
4 16 5 7.5 -15 3 7.5 -13 3 7.5 3 5 7.5 5

2 24 5 7.5 5 5 7.5 -15
2 24 -5 7.5 5 -5 7.5 -15

2 24 5 7.5 5 -5 7.5 5

2 24 3 7.5 3 3 7.5 -13
2 24 -3 7.5 3 -3 7.5 -13
2 24 3 7.5 3 -3 7.5 3
2 24 3 7.5 -13 -3 7.5 -13
