0 Generic  2 x  3 T Shape Double Height
0 Name: Gen203TDH.dat
0 Author: Robert [Caleb]
0 !LDRAW_ORG Unofficial_Part
0 !LICENSE Redistributable under CCAL version 2.0 : see CAreadme.txt

0 BFC NOCERTIFY

0 !CATEGORY

1 16 0 0 5 1 0 0 0 1 0 0 0 1 genstud.dat
1 16 0 0 -5 1 0 0 0 1 0 0 0 1 genstud.dat
1 16 10 0 -5 1 0 0 0 1 0 0 0 1 genstud.dat
1 16 0 0 -15 1 0 0 0 1 0 0 0 1 genstud.dat

4 16 15 0 -10 15 0 0 5 0 0 5 0 -10
4 16 -5 0 -20 -5 0 10 5 0 10 5 0 -20

4 16 -5 0 10 -5 0 -20 -5 15 -20 -5 15 10
4 16 -5 0 10 5 0 10 5 15 10 -5 15 10
4 16 -5 0 -20 5 0 -20 5 15 -20 -5 15 -20
4 16 5 0 10 5 15 10 5 15 0 5 0 0
4 16 5 0 -10 5 15 -10 5 15 -20 5 0 -20
4 16 5 0 0 15 0 0 15 15 0 5 15 0
4 16 15 0 0 15 0 -10 15 15 -10 15 15 0
4 16 15 0 -10 5 0 -10 5 15 -10 15 15 -10


2 24 15 15 -10 15 15 0
2 24 15 15 0 5 15 0
2 24 5 15 0 5 15 10
2 24 5 15 10 -5 15 10
2 24 -5 15 10 -5 15 -20
2 24 5 15 -10 15 15 -10
0 2 24 5 -7.5 -10 5 7.5 -10
2 24 5 0 -10 5 0 -20
2 24 5 0 -20 5 15 -20
2 24 5 15 -20 5 15 -10
2 24 -5 0 -20 -5 15 -20
2 24 -5 15 -20 5 15 -20
2 24 -5 0 -20 5 0 -20
2 24 -5 0 -20 -5 0 10
2 24 -5 0 10 -5 15 10
2 24 -5 0 10 5 0 10
2 24 5 0 10 5 15 10
2 24 5 0 10 5 0 0
0 2 24 5 -7.5 0 5 7.5 0
2 24 5 0 0 15 0 0
2 24 15 0 0 15 7.5 0
2 24 15 0 0 15 0 -10
2 24 15 0 -10 15 15 -10
2 24 15 0 -10 5 0 -10


0 // Inner Box
1 16 0 15 -5 3 0 0 0 12.5 0 0 0 13 genbox.dat
1 16 0 3 5 1 0 0 0 1 0 0 0 1 gendisco.dat
1 16 0 3 -5 1 0 0 0 1 0 0 0 1 gendisco.dat
1 16 10 3 -5 1 0 0 0 1 0 0 0 1 gendisco.dat
1 16 0 3 -15 1 0 0 0 1 0 0 0 1 gendisco.dat
1 16 9 15 -5 -4 0 0 0 12.5 0 0 0 -3 genbox.dat

0 // Box Bottom
4 16 5 15 10 3 15 8 -3 15 8 -5 15 10
4 16 5 15 -20 3 15 -18 -3 15 -18 -5 15 -20
4 16 -5 15 10 -3 15 8 -3 15 -18 -5 15 -20
4 16 5 15 -10 5 15 -8 13 15 -8 15 15 -10
4 16 5 15 -20 3 15 -18 3 15 -10 5 15 -9
4 16 5 15 -9 3 15 -10 3 15 0 5 15 -1
4 16 5 15 10 3 15 8 3 15 0 5 15 -1
4 16 15 15 -10 13 15 -8 13 15 -2 15 15 0
4 16 15 15 0 5 15 0 5 15 -2 13 15 -2
