0 Generic  2 x  2 Slope Inverted
0 Name: Gen202TR.dat
0 Author: Robert [Caleb]
0 !LDRAW_ORG Unofficial_Part
0 !LICENSE Redistributable under CCAL version 2.0 : see CAreadme.txt

0 BFC NOCERTIFY

1 16 5 0 0 1 0 0 0 1 0 0 0 1 GenStud.dat
1 16 5 0 -10 1 0 0 0 1 0 0 0 1 GenStud.dat
1 16 -5 0 0 1 0 0 0 1 0 0 0 1 GenStud.dat
1 16 -5 0 -10 1 0 0 0 1 0 0 0 1 GenStud.dat

4 16 10 0 -15 10 7.5 -5 10 7.5 5 10 0 5
4 16 -10 0 -15 -10 7.5 -5 -10 7.5 5 -10 0 5
4 16 10 0 5 10 0 -15 -10 0 -15 -10 0 5
4 16 10 0 5 -10 0 5 -10 7.5 5 10 7.5 5
4 16 10 0 -15 10 7.5 -5 -10 7.5 -5 -10 0 -15
2 24 10 0 -15 10 7.5 -5
2 24 -10 0 -15 -10 7.5 -5
2 24 10 0 -15 10 0 5
2 24 10 0 5 -10 0 5
2 24 -10 0 -15 -10 0 5
2 24 10 0 -15 -10 0 -15
2 24 10 0 5 10 7.5 5
2 24 -10 0 5 -10 7.5 5
2 24 10 7.5 -5 10 7.5 5
2 24 10 7.5 5 -10 7.5 5
2 24 -10 7.5 -5 -10 7.5 5
2 24 10 7.5 -5 -10 7.5 -5

0 // Inner Box
1 16 0 7.5 0 8 0 0 0 5.5 0 0 0 3 GenBox.dat
1 16 5 2 0 1 0 0 0 1 0 0 0 1 GenDiscO.dat
1 16 -5 2 0 1 0 0 0 1 0 0 0 1 GenDiscO.dat
0 // Box Bottom
4 16 8 7.5 3 10 7.5 5 -10 7.5 5 -8 7.5 3
4 16 -10 7.5 5 -8 7.5 3 -8 7.5 -3 -10 7.5 -5
4 16 -10 7.5 -5 -8 7.5 -3 8 7.5 -3 10 7.5 -5
4 16 10 7.5 -5 8 7.5 -3 8 7.5 3 10 7.5 5
