0 
0 Name: Gen301SC2.dat
0 Author: Philipp-Alexander Blum [citrullin]
0 !LDRAW_ORG Unofficial_Part
0 !LICENSE Licensed under CC BY 4.0 : see CAreadme.txt

0 BFC CERTIFY CCW


0 BFC INVERTNEXT
1 16 0 15 -5 -3 0 0 0 -7 0 0 0 8 box4o4a.dat
1 16 0 11.25 5 0 0 -5 3.75 0 0 0 -1 0 rect2p.dat
1 16 -1.75 5.5 5 1.25 0 0 0 0 -2.1 0 -1 0 rect3.dat
1 16 1.75 5.5 5 1.25 0 0 0 0 -2.1 0 -1 0 rect3.dat



1 16 0 3.75 15 0 0 -5 3.75 0 0 0 -1 0 rect.dat
1 16 0 5.75 12 0 0 3 1.75 0 0 0 1 0 rect.dat 


0 4 16 3 4 9.25 3 4 12 -3 4 12 -3 4 9.25
4 16 3 4 12 3 4 7.25 -3 4 7.25 -3 4 12
4 16 3 4 7.25 3 4 5 .5 4 5 .5 4 7.25
4 16 -.5 4 7.25 -.5 4 5 -3 4 5 -3 4 7.25

4 16 3 8 4 3 8 -13 -3 8 -13 -3 8 4
4 16 5 7.5 -15 5 15 -15 -5 15 -15 -5 7.5 -15
4 16 3 15 -13 5 15 -15 -5 15 -15 -3 15 -13
0 5 24 -3 4 15.56 3 4 15.56 -3 4 18 -6 8 3
2 24 5 15 5 -5 15 5


0 2 24 3 4 18 3 4 15.56





0 2 24 -3 4 18 -3 4 15.56
0 2 24 -3 4 15.56 -3 4 10



0 2 24 -3 15 -8 -5 15 -10
3 16 -3 4 5 -3 7.5 12 -3 4 12
0 5 24 -3 4 10 -3 4 18 -3 4 15.56 -3 7.5 18
3 16 -3 4 5 -3 7.5 5 -3 7.5 12
3 16 3 4 12 3 7.5 12 3 4 5
0 5 24 3 4 10 3 4 18 3 7.5 18 3 4 15.56
3 16 3 4 5 3 7.5 12 3 7.5 5
0 2 24 -3 7.5 18 -3 7.6 10
0 2 24 3 7.5 18 3 7.6 10
0 2 24 3 7.6 10 5 7.5 10
0 2 24 -3 7.6 10 -5 7.5 10
4 16 -3 7.5 5 -5 7.5 5 -5 7.5 15 -3 7.5 12
4 16 3 7.5 5 3 7.5 12 5 7.5 15 5 7.5 5
4 16 5 7.5 15 3 7.5 12 -3 7.5 12 -5 7.5 15




4 16 -3 15 -13 -5 15 -15 -5 15 5 -3 15 3
4 16 3 15 -13 3 15 3 5 15 5 5 15 -15

4 16 -3 15 3 -5 15 5 5 15 5 3 15 3
1 16 0 3.75 6 .5 0 0 0 3.75 0 0 0 1.25 box4-7a.dat


2 24 -5 15 5 -5 15 -15
2 24 5 15 -15 5 15 5
2 24 -5 15 -15 5 15 -15
0 2 24 5 15 -15 5 7.5 -15
 2 24 5 7.5 -15 -5 7.5 -15
0 2 24 -5 7.5 -15 -5 15 -15
2 24 -5 7.5 15 -5 7.5 5
2 24 -5 0 15 -5 .5 9
2 24 -5 .5 9 -5 2.41 2.12
2 24 -5 2.41 2.12 -5 7.5 -15
2 24 5 7.5 -15 5 2.41 2.12
2 24 5 2.41 2.12 5 .5 9
2 24 5 .5 9 5 0 15
2 24 5 7.5 5 5 7.5 15
2 24 3 7.5 12 3 7.5 5
2 24 -3 7.5 12 -3 7.5 5
2 24 -3 8 -13 -3 8 3
2 24 -3 8 -13 3 8 -13
2 24 3 8 -13 3 8 3
2 24 3 8 3 -3 8 3
2 24 -3 4 12 -3 4 5
2 24 -3 4 5 -0.5 4 5
2 24 0.5 4 5 3 4 5
2 24 3 4 5 3 4 12
2 24 -5 7.5 5 -3 7.5 5
2 24 3 7.5 5 5 7.5 5


4 16 5 0 15 -5 0 15 -5 .5 9 5 .5 9
4 16 5 .5 9 -5 .5 9 -5 2.41 2.12 5 2.41 2.12
4 16 5 2.41 2.12 -5 2.41 2.12 -5 7.5 -15 5 7.5 -15


0 5 24 -5 .5 11.95 5 .5 11.95 -5 0 20 -5 2.41 2.12
0 5 24 -5 2.41 2.12 5 2.41 2.12 -5 .5 11.95 -5 7.5 -10
0 5 24 -5 7.5 -10 5 7.5 -10 -5 2.41 2.12 -5 15 -10
0 2 24 5 0 20 5 .5 11.95
0 2 24 5 .5 11.95 5 2.41 2.12
0 2 24 5 2.41 2.12 5 7.5 -10
0 2 24 5 7.5 -10 5 15 -10

0 2 24 -5 0 20 -5 .5 11.95
0 2 24 -5 .5 11.95 -5 2.41 2.12
0 2 24 -5 2.41 2.12 -5 7.5 -10
0 2 24 -5 7.5 -10 -5 15 -10

0 2 24 5 15 -10 -5 15 -10
4 16 5 7.5 5 5 7.5 -15 5 15 -15 5 15 5
0 3 16 5 7.5 10 5 15 -10 5 15 10
0 4 16 5 7.5 10 5 2.41 2.12 5 7.5 -10 5 15 -10
4 16 5 7.5 5 5 .5 9 5 2.41 2.12 5 7.5 -15
4 16 5 7.5 5 5 7.5 15 5 0 15 5 .5 9
0 3 16 -5 7.5 10 -5 15 10 -5 15 -10
0 3 16 -5 15 -10 -5 7.5 -10 -5 7.5 10
4 16 -5 15 -15 -5 7.5 -15 -5 7.5 5 -5 15 5

4 16 -5 7.5 5 -5 7.5 -15 -5 2.41 2.12 -5 .5 9
4 16 -5 7.5 5 -5 .5 9 -5 0 15 -5 7.5 15
0
