0 Nano  2 X  2 Axle
0 Name: NB202X.dat
0 Author: Robert [Caleb]
0 !LDRAW_ORG Unofficial_Part
0 !LICENSE Redistributable under CCAL version 2.0 : see CAreadme.txt

0 BFC NOCERTIFY

0 !CATEGORY NB

1 16 5 0 5 1 0 0 0 1 0 0 0 1 NBStud.dat
1 16 5 0 -5 1 0 0 0 1 0 0 0 1 NBStud.dat
1 16 -5 0 5 1 0 0 0 1 0 0 0 1 NBStud.dat
1 16 -5 0 -5 1 0 0 0 1 0 0 0 1 NBStud.dat
0 // top
4 16 10 0 10 10 0 -10 -10 0 -10 -10 0 10
2 24 10 0 10 10 0 -10
2 24 -10 0 -10 -10 0 10
2 24 -10 0 10 10 0 10
0 // back
4 16 10 0 10 -10 0 10 -10 7.5 10 10 7.5 10
2 24 10 0 10 10 7.5 10
2 24 -10 0 10 -10 7.5 10
2 24 10 7.5 10 -10 7.5 10
0 // front
4 16 10 7.5 0 -10 7.5 0 -10 15 0 10 15 0
2 24 10 7.5 0 -10 7.5 0
2 24 10 15 0 -10 15 0
2 24 10 15 0 10 7.5 0
2 24 -10 15 0 -10 7.5 0
4 16 10 0 -10 10 15 -10 -10 15 -10 -10 0 -10
0 // sides
4 16 10 0 -10 10 0 10 10 7.5 10 10 7.5 0
4 16 10 0 -10 10 7.5 0 10 15 0 10 15 -10
4 16 -10 0 -10 -10 0 10 -10 7.5 10 -10 7.5 0
4 16 -10 0 -10 -10 7.5 0 -10 15 0 -10 15 -10
0 // Inner Box
1 16 5 2 5 1 0 0 0 1 0 0 0 1 NBDiscO.dat
1 16 5 2 -5 1 0 0 0 1 0 0 0 1 NBDiscO.dat
1 16 -5 2 5 1 0 0 0 1 0 0 0 1 NBDiscO.dat
1 16 -5 2 -5 1 0 0 0 1 0 0 0 1 NBDiscO.dat
0 // Top
4 16 8 2 2 -8 2 2 -8 2 8 8 2 8
2 24 8 2 2 -8 2 2
2 24 -8 2 2 -8 2 8
2 24 -8 2 8 8 2 8
2 24 8 2 2 8 2 8
0 // back
4 16 8 2 8 -8 2 8 -8 7.5 8 8 7.5 8
2 24 8 2 8 8 7.5 8
2 24 -8 2 8 -8 7.5 8
2 24 8 7.5 8 -8 7.5 8
0 // sides
4 16 8 2 8 8 2 2 8 7.5 2 8 7.5 8
2 24 8 2 2 8 7.5 2
2 24 8 7.5 2 8 7.5 8
4 16 -8 2 8 -8 2 2 -8 7.5 2 -8 7.5 8
2 24 -8 2 2 -8 7.5 2
2 24 -8 7.5 2 -8 7.5 8
0 // front
4 16 8 2 2 -8 2 2 -8 7.5 2 8 7.5 2
2 24 8 7.5 2 -8 7.5 2
4 16 8 2 -8 -8 2 -8 -8 15 -8 8 15 -8
2 24 8 2 -8 8 15 -8
2 24 -8 2 -8 -8 15 -8
2 24 8 2 -8 -8 2 -8
4 16 8 2 -2 -8 2 -2 -8 15 -2 8 15 -2
2 24 8 2 -2 8 15 -2
2 24 -8 2 -2 -8 15 -2
2 24 8 2 -2 -8 2 -2
2 24 8 15 -2 -8 15 -2
4 16 8 2 -2 8 2 -8 -8 2 -8 -8 2 -2
2 24 8 2 -2 8 2 -8
2 24 -8 2 -2 -8 2 -8
4 16 8 2 -2 8 2 -8 8 15 -8 8 15 -2
4 16 -8 2 -2 -8 2 -8 -8 15 -8 -8 15 -2
0 // Box Bottom
4 16 10 7.5 10 8 7.5 8 -8 7.5 8 -10 7.5 10
4 16 10 7.5 0 -10 7.5 0 -8 7.5 2 8 7.5 2
2 24 10 7.5 0 10 7.5 10
2 24 -10 7.5 0 -10 7.5 10
4 16 10 7.5 0 8 7.5 2 8 7.5 8 10 7.5 10
4 16 -10 7.5 0 -8 7.5 2 -8 7.5 8 -10 7.5 10
4 16 10 15 0 8 15 -2 8 15 -8 10 15 -10
4 16 -10 15 0 -8 15 -2 -8 15 -8 -10 15 -10
4 16 10 15 0 -10 15 0 -8 15 -2 8 15 -2
4 16 10 15 -10 -10 15 -10 -8 15 -8 8 15 -8
2 24 10 15 0 10 15 -10
2 24 -10 15 0 -10 15 -10
2 24 8 15 -2 8 15 -8
2 24 -8 15 -2 -8 15 -8
2 24 8 15 -8 -8 15 -8
0 // axle support
2 24 2 0 -11 2 4 -11
2 24 -2 0 -11 -2 4 -11
2 24 2 0 -11 2 0 -10
2 24 -2 0 -11 -2 0 -10

2 24 9 5.5 -11 4 5.5 -11
2 24 9 9.5 -11 4 9.5 -11

2 24 -9 5.5 -11 -4 5.5 -11
2 24 -9 9.5 -11 -4 9.5 -11

2 24 2 11 -11 2 15 -11
2 24 -2 11 -11 -2 15 -11
2 24 2 15 -11 2 15 -10
2 24 -2 15 -11 -2 15 -10

2 24 2 4 -11 4 5.5 -11
2 24 4 9.5 -11 2 11 -11
2 24 -2 11 -11 -4 9.5 -11
2 24 -4 5.5 -11 -2 4 -11

2 24 9 5.5 -11 10 5.5 -10
2 24 9 9.5 -11 10 9.5 -10

2 24 -9 5.5 -11 -10 5.5 -10
2 24 -9 9.5 -11 -10 9.5 -10

2 24 10 0 -10 2 0 -10
2 24 -10 0 -10 -2 0 -10
2 24 10 15 -10 2 15 -10
2 24 -10 15 -10 -2 15 -10
2 24 10 0 -10 10 5.5 -10
2 24 10 9.5 -10 10 15 -10
2 24 -10 0 -10 -10 5.5 -10
2 24 -10 9.5 -10 -10 15 -10

4 16 -2 15 -10 2 15 -10 2 15 -11 -2 15 -11
4 16 -2 0 -10 2 0 -10 2 0 -11 -2 0 -11
4 16 10 5.5 -10 10 9.5 -10 9 9.5 -11 9 5.5 -11
4 16 -10 5.5 -10 -10 9.5 -10 -9 9.5 -11 -9 5.5 -11

4 16 0 2.5 -11 6.5 7.5 -11 0 12.5 -11 -6.5 7.5 -11
4 16 -2 0 -11 -2 4 -11 2 1 -11 2 0 -11
3 16 2 1 -11 0 2.5 -11 2 4 -11
3 16 2 14 -11 0 12.5 -11 2 11 -11
4 16 -2 15 -11 -2 11 -11 2 14 -11 2 15 -11

3 16 9 9.5 -11 9 5.5 -11 4 5.5 -11
3 16 4 9.5 -11 9 9.5 -11 6.5 7.5 -11
3 16 -9 9.5 -11 -9 5.5 -11 -4 5.5 -11
3 16 -4 9.5 -11 -9 9.5 -11 -6.5 7.5 -11


4 16 2 0 -10 2 0 -11 2 4 -11 2 4 -10
4 16 2 4 -10 2 4 -11 4 5.5 -11 4 5.5 -10
4 16 4 5.5 -10 4 5.5 -11 9 5.5 -11 10 5.5 -10

4 16 -2 0 -10 -2 0 -11 -2 4 -11 -2 4 -10
4 16 -2 4 -10 -2 4 -11 -4 5.5 -11 -4 5.5 -10
4 16 -4 5.5 -10 -4 5.5 -11 -9 5.5 -11 -10 5.5 -10

4 16 2 15 -10 2 15 -11 2 11 -11 2 11 -10
4 16 2 11 -10 2 11 -11 4 9.5 -11 4 9.5 -10
4 16 4 9.5 -10 4 9.5 -11 9 9.5 -11 10 9.5 -10

4 16 -2 15 -10 -2 15 -11 -2 11 -11 -2 11 -10
4 16 -2 11 -10 -2 11 -11 -4 9.5 -11 -4 9.5 -10
4 16 -4 9.5 -10 -4 9.5 -11 -9 9.5 -11 -10 9.5 -10



0 // axle
1 16 0 7.5 -17 3.5 0 0 0 3.5 0 0 0 6 NBAxle.dat
